temp_p (22x22):
              |            -1             0             1             2             3             4             5             6             7             8             9            10            11            12            13            14            15            16            17            18            19            20
-----------------------------------------------------------------------------------------------------------------------------------------------------------------------------------------------------------------------------------------------------------------------------------------------------------------------------------
            -1|             0             0             0             0             0             0             0             0             0             0             0             0             0             0             0             0             0             0             0             0             0             0
             0|             0             2   -6.0315e-06   -5.0345e-06   -3.9398e-06   -2.7745e-06   -1.5662e-06   -3.4209e-07    8.7135e-07     2.049e-06    3.1673e-06    4.2052e-06    5.1439e-06    5.9675e-06    6.6632e-06    7.2212e-06    7.6351e-06    7.9017e-06    8.0211e-06    7.9964e-06            -2             0
             1|             0   -6.7985e-06   -5.9513e-06   -4.9845e-06   -3.9232e-06   -2.7939e-06   -1.6231e-06   -4.3695e-07    7.3878e-07    1.8798e-06    2.9635e-06    3.9693e-06    4.8792e-06    5.6777e-06    6.3524e-06    6.8938e-06    7.2958e-06    7.5553e-06    7.6722e-06    7.6495e-06     -8.85e-06             0
             2|             0   -6.7376e-06   -5.9131e-06   -4.9728e-06   -3.9413e-06    -2.844e-06   -1.7066e-06   -5.5458e-07    5.8731e-07    1.6955e-06     2.748e-06     3.725e-06    4.6088e-06    5.3847e-06    6.0405e-06    6.5671e-06    6.9583e-06    7.2114e-06    7.3261e-06    7.3054e-06   -8.5097e-06             0
             3|             0   -6.7162e-06   -5.9112e-06   -4.9942e-06    -3.989e-06   -2.9201e-06   -1.8125e-06    -6.908e-07    4.2084e-07    1.4996e-06    2.5242e-06    3.4753e-06    4.3359e-06    5.0914e-06    5.7303e-06    6.2435e-06    6.6252e-06    6.8725e-06    6.9853e-06    6.9664e-06   -8.1658e-06             0
             4|             0    -6.728e-06   -5.9399e-06   -5.0432e-06   -4.0611e-06   -3.0172e-06    -1.936e-06    -8.413e-07    2.4341e-07    1.2959e-06    2.2956e-06    3.2236e-06    4.0634e-06    4.8009e-06    5.4246e-06    5.9259e-06    6.2991e-06    6.5413e-06    6.6525e-06    6.6353e-06   -7.8197e-06             0
             5|             0   -6.7671e-06   -5.9935e-06   -5.1144e-06   -4.1523e-06   -3.1305e-06   -2.0725e-06   -1.0017e-06    5.9129e-08    1.0884e-06    2.0659e-06    2.9734e-06    3.7947e-06    4.5161e-06    5.1264e-06    5.6172e-06    5.9829e-06    6.2206e-06    6.3304e-06    6.3148e-06   -7.4735e-06             0
             6|             0   -6.8276e-06   -6.0662e-06   -5.2023e-06   -4.2578e-06   -3.2552e-06   -2.2176e-06   -1.1678e-06   -1.2795e-07    8.8082e-07    1.8388e-06    2.7282e-06    3.5332e-06    4.2403e-06    4.8387e-06    5.3202e-06    5.6793e-06    5.9132e-06    6.0218e-06    6.0077e-06   -7.1293e-06             0
             7|             0   -6.9037e-06   -6.1527e-06   -5.3018e-06   -4.3724e-06   -3.3866e-06   -2.3668e-06   -1.3353e-06   -3.1385e-07    6.7692e-07    1.6178e-06    2.4912e-06    3.2819e-06    3.9765e-06    4.5646e-06     5.038e-06    5.3913e-06    5.6218e-06    5.7295e-06    5.7167e-06     -6.79e-06             0
             8|             0   -6.9901e-06   -6.2478e-06    -5.408e-06   -4.4916e-06   -3.5202e-06   -2.5158e-06   -1.5003e-06   -4.9481e-07     4.803e-07    1.4062e-06    2.2658e-06     3.044e-06    3.7278e-06    4.3068e-06    4.7731e-06    5.1214e-06    5.3491e-06     5.456e-06    5.4446e-06   -6.4582e-06             0
             9|             0   -7.0816e-06   -6.3466e-06   -5.5162e-06   -4.6109e-06   -3.6519e-06   -2.6608e-06    -1.659e-06   -6.6733e-07    2.9426e-07    1.2073e-06    2.0549e-06    2.8223e-06    3.4967e-06     4.068e-06    4.5282e-06    4.8723e-06    5.0976e-06    5.2039e-06    5.1937e-06   -6.1369e-06             0
            10|             0   -7.1738e-06   -6.4448e-06   -5.6223e-06   -4.7264e-06   -3.7779e-06   -2.7981e-06    -1.808e-06    -8.282e-07    1.2184e-07    1.0239e-06    1.8613e-06    2.6194e-06    3.2859e-06    3.8506e-06    4.3057e-06    4.6462e-06    4.8695e-06    4.9754e-06    4.9663e-06    -5.829e-06             0
            11|             0   -7.2624e-06   -6.5384e-06   -5.7226e-06   -4.8346e-06    -3.895e-06   -2.9247e-06   -1.9445e-06    -9.746e-07   -3.4303e-08    8.5843e-07    1.6872e-06    2.4377e-06    3.0975e-06    3.6567e-06    4.1076e-06    4.4451e-06    4.6668e-06    4.7725e-06    4.7644e-06   -5.5375e-06             0
            12|             0   -7.3439e-06   -6.6242e-06   -5.8138e-06   -4.9324e-06   -4.0001e-06   -3.0378e-06   -2.0658e-06   -1.1041e-06   -1.7191e-07    7.1315e-07    1.5349e-06     2.279e-06    2.9333e-06     3.488e-06    3.9354e-06    4.2707e-06    4.4911e-06    4.5967e-06    4.5895e-06   -5.2652e-06             0
            13|             0   -7.4155e-06   -6.6992e-06   -5.8933e-06   -5.0173e-06   -4.0911e-06   -3.1352e-06   -2.1698e-06   -1.2149e-06   -2.8916e-07    5.8973e-07    1.4058e-06    2.1448e-06    2.7948e-06    3.3459e-06    3.7907e-06    4.1241e-06    4.3437e-06    4.4493e-06     4.443e-06   -5.0144e-06             0
            14|             0   -7.4747e-06   -6.7613e-06   -5.9591e-06   -5.0874e-06    -4.166e-06   -3.2151e-06   -2.2551e-06   -1.3053e-06   -3.8467e-07    4.8943e-07    1.3011e-06    2.0362e-06    2.6829e-06    3.2314e-06    3.6742e-06    4.0064e-06    4.2254e-06    4.3311e-06    4.3257e-06   -4.7877e-06             0
            15|             0   -7.5199e-06   -6.8088e-06   -6.0096e-06   -5.1412e-06   -4.2235e-06   -3.2765e-06   -2.3203e-06   -1.3745e-06   -4.5756e-07    4.1306e-07    1.2216e-06     1.954e-06    2.5983e-06    3.1449e-06    3.5864e-06    3.9179e-06    4.1367e-06    4.2427e-06     4.238e-06    -4.587e-06             0
            16|             0     -7.55e-06   -6.8408e-06   -6.0438e-06   -5.1779e-06   -4.2628e-06   -3.3186e-06   -2.3651e-06   -1.4219e-06    -5.074e-07    3.6096e-07    1.1675e-06    1.8982e-06    2.5412e-06    3.0868e-06    3.5276e-06    3.8587e-06    4.0776e-06     4.184e-06    4.1801e-06   -4.4139e-06             0
            17|             0   -7.5644e-06   -6.8568e-06   -6.0614e-06   -5.1972e-06   -4.2838e-06   -3.3412e-06   -2.3892e-06   -1.4474e-06   -5.3422e-07    3.3305e-07    1.1386e-06    1.8687e-06    2.5112e-06    3.0565e-06    3.4973e-06    3.8286e-06    4.0478e-06    4.1548e-06    4.1515e-06   -4.2698e-06             0
            18|             0   -7.5634e-06    -6.857e-06   -6.0627e-06   -5.1994e-06   -4.2867e-06   -3.3447e-06   -2.3932e-06   -1.4516e-06   -5.3853e-07    3.2877e-07    1.1345e-06    1.8648e-06    2.5077e-06    3.0535e-06    3.4949e-06    3.8268e-06    4.0466e-06    4.1542e-06    4.1516e-06   -4.1553e-06             0
            19|             0    9.4137e-06    9.1862e-06    8.8079e-06    8.2912e-06     7.651e-06    6.9041e-06    6.0691e-06    5.1658e-06    4.2146e-06    3.2363e-06    2.2515e-06    1.2802e-06    3.4139e-07   -5.4719e-07   -1.3695e-06   -2.1114e-06    -2.761e-06   -3.3086e-06   -3.7468e-06   -1.2213e-05             0
            20|             0             0             0             0             0             0             0             0             0             0             0             0             0             0             0             0             0             0             0             0             0             0

